92.002 290.622
97.068 283.370
98.920 288.385
99.484 225.217
100.755 254.115
101.182 267.860
102.243 290.351
102.406 215.347
103.075 280.801
103.546 225.639
103.546 225.639
105.100 298.541
105.480 229.242
105.626 223.867
107.064 226.733
107.064 226.733
109.253 286.715
110.102 238.227
110.339 310.507
113.499 237.852
113.981 260.287
114.566 302.376
114.963 309.974
115.873 253.370
116.344 308.007
116.499 246.764
116.703 236.921
116.746 293.787
117.448 313.484
117.774 241.988
119.477 309.856
122.127 313.448
122.127 313.448
123.150 307.211
124.584 214.886
125.176 263.972
125.349 253.426
125.349 253.426
128.236 311.116
130.828 246.926
131.667 260.633
132.086 328.151
133.821 262.588
137.188 251.554
137.383 317.740
139.105 259.690
139.814 288.818
141.655 255.451
141.655 255.451
142.342 326.563
142.890 223.046
143.725 240.029
143.829 240.231
146.280 218.585
146.280 218.585
146.717 274.812
147.218 241.212
147.218 241.212
147.502 348.640
149.151 204.949
149.442 217.039
149.442 217.039
150.474 249.482
152.871 301.334
153.059 258.215
154.180 254.333
155.032 223.820
156.284 249.939
158.098 257.060
158.181 220.424
159.459 247.892
159.497 239.076
159.760 225.046
160.048 243.778
160.602 215.530
160.857 230.557
160.857 230.557
161.549 233.720
161.881 351.059
161.911 257.363
163.293 348.292
163.379 242.965
163.379 242.965
163.788 239.472
163.871 251.632
164.334 223.181
166.443 198.108
167.205 243.684
168.314 319.723
168.988 247.587
170.562 217.935
171.467 253.859
171.726 223.049
172.181 319.033
172.181 319.033
173.333 314.755
174.870 306.717
175.831 245.049
176.516 183.927
177.621 241.516
178.189 200.428
178.189 200.428
178.673 210.632
178.926 251.222
181.339 333.470
182.249 219.836
182.320 247.513
182.320 247.513
182.488 234.120
182.659 206.135
183.921 301.561
184.178 222.876
184.178 222.876
185.846 249.213
186.077 193.886
186.388 217.472
186.926 211.604
186.926 211.604
187.128 206.833
187.275 172.890
188.462 185.625
188.462 185.625
188.529 218.549
188.529 218.549
189.529 303.146
189.772 340.716
189.772 340.716
189.829 211.098
189.999 217.872
191.378 332.265
191.378 332.265
191.953 219.661
193.876 323.309
193.876 323.309
193.876 323.309
196.959 331.246
197.154 307.667
197.649 207.647
198.042 343.022
198.535 161.993
199.512 202.877
199.549 196.187
199.686 361.906
200.177 314.894
201.341 181.816
201.341 181.816
202.249 186.061
203.094 202.082
203.538 194.002
205.832 177.645
205.832 177.645
206.149 192.029
206.358 208.662
206.417 312.659
206.448 345.660
206.654 304.062
206.852 195.284
206.852 195.284
208.415 175.872
208.895 343.011
208.895 343.011
208.930 158.357
209.027 192.856
209.959 205.299
209.959 205.299
210.770 315.446
210.770 315.446
211.417 167.773
211.656 185.879
211.791 341.341
211.791 341.341
211.791 341.341
212.120 308.498
212.240 211.522
213.046 176.675
214.069 154.224
215.140 204.635
215.362 174.298
215.374 179.475
217.311 347.729
218.081 332.483
218.692 332.402
220.221 323.911
220.801 179.045
221.612 306.243
221.612 306.243
221.891 344.831
221.891 344.831
221.891 344.831
222.155 146.705
223.040 186.136
223.040 186.136
223.290 299.958
224.365 156.384
224.696 303.837
225.482 347.771
225.482 347.771
225.556 319.165
228.401 313.896
229.015 318.200
229.015 318.200
229.084 360.814
229.280 162.893
229.280 162.893
231.422 300.670
231.529 321.185
233.421 170.653
233.731 356.330
233.905 359.186
234.216 183.683
234.259 178.231
236.926 223.417
236.926 223.417
236.926 223.417
236.926 223.417
237.661 185.746
237.995 363.089
238.419 154.137
238.419 154.137
238.785 186.318
239.912 211.283
241.240 214.196
241.640 167.934
241.850 240.585
241.850 240.585
241.850 240.585
242.374 346.905
242.374 346.905
243.348 199.275
243.348 199.275
243.615 209.277
243.615 209.277
245.556 142.170
249.050 177.084
249.619 339.019
249.619 339.019
250.160 192.324
250.402 355.598
250.557 332.639
251.233 155.536
251.908 222.974
252.685 130.068
253.209 334.631
253.525 172.292
253.525 172.292
254.181 151.302
254.349 141.492
257.336 338.050
257.336 338.050
257.730 326.916
258.167 172.221
258.358 297.279
258.533 207.247
258.533 207.247
259.461 357.707
260.074 332.413
260.074 332.413
260.171 174.030
260.419 159.219
260.749 196.836
260.749 196.836
260.893 146.463
261.437 201.240
261.962 292.493
262.625 341.532
262.625 341.532
264.410 141.001
264.575 132.147
265.039 337.389
265.292 197.826
265.363 215.204
265.363 215.204
265.363 215.204
265.455 347.877
265.460 177.862
266.126 360.538
266.297 225.014
266.656 201.629
267.413 351.899
267.413 351.899
267.576 136.884
267.643 296.113
267.671 146.983
267.816 205.149
268.985 137.446
269.710 158.699
269.710 158.699
272.197 334.395
273.171 211.079
273.297 180.445
274.711 361.777
274.711 361.777
274.711 361.777
274.711 361.777
276.543 159.199
276.782 299.986
277.889 195.367
278.734 132.183
279.192 336.885
279.846 295.550
279.846 295.550
280.488 165.033
280.664 199.069
280.664 199.069
281.995 369.351
282.042 332.031
283.489 136.646
283.557 213.716
283.557 213.716
283.620 349.216
283.620 349.216
283.620 349.216
283.689 143.474
283.689 143.474
284.296 163.895
284.296 163.895
284.705 152.389
284.943 132.564
285.134 247.622
285.134 247.622
285.470 301.476
285.559 197.380
286.055 340.967
286.409 196.808
286.752 167.492
287.046 348.588
288.098 294.252
288.098 294.252
288.634 352.682
288.634 352.682
288.648 163.219
289.074 117.833
289.704 142.193
290.234 157.514
290.248 365.179
290.784 190.141
290.784 190.141
290.784 190.141
291.123 367.640
291.808 236.594
291.808 236.594
292.459 147.361
292.459 147.361
293.240 150.805
293.398 193.066
294.323 196.702
295.226 138.250
295.226 138.250
295.226 138.250
295.543 350.391
295.681 347.991
295.681 347.991
296.371 338.327
296.770 152.377
297.071 231.796
297.071 231.796
297.641 236.823
299.076 341.163
299.485 335.762
299.485 335.762
299.902 215.072
299.902 215.072
300.625 149.510
301.301 149.447
302.265 358.588
302.265 358.588
302.613 345.822
302.970 177.177
302.970 177.177
303.381 220.118
304.918 363.348
305.063 367.842
305.098 181.846
305.410 357.785
305.453 285.061
305.453 285.061
305.620 237.450
305.620 237.450
306.934 177.797
307.528 360.897
307.528 360.897
312.916 199.967
313.063 209.858
317.339 180.624
317.827 211.342
317.827 211.342
318.421 358.695
319.668 277.323
319.732 202.081
319.849 308.341
319.849 308.341
320.185 163.814
320.272 186.756
320.399 171.886
320.399 171.886
320.419 359.769
321.315 150.366
321.315 150.366
321.315 150.366
321.999 167.657
321.999 167.657
323.905 318.605
324.139 179.237
325.690 168.928
325.921 321.742
327.018 228.761
327.612 162.780
330.015 157.528
330.959 263.889
330.959 263.889
331.042 192.127
331.042 192.127
331.376 188.021
332.460 197.178
334.619 175.044
334.818 195.551
335.585 340.663
335.806 362.591
337.646 181.454
338.297 190.633
339.789 154.963
340.482 186.446
341.220 348.133
342.103 326.881
342.103 326.881
342.315 198.437
344.838 180.555
345.332 192.903
345.332 192.903
346.497 183.129
347.601 210.488
348.502 280.401
349.913 195.165
350.461 287.692
351.254 283.946
351.254 283.946
354.794 183.611
355.081 179.945
355.242 281.653
356.014 185.902
356.094 197.978
356.419 193.789
356.419 193.789
356.988 245.350
357.409 335.310
357.838 180.167
358.694 215.935
359.354 182.896
360.336 242.344
360.392 135.392
361.005 176.806
362.174 244.962
363.734 214.935
365.408 244.345
365.760 215.369
365.760 215.369
366.171 182.424
366.458 233.674
367.650 304.166
367.650 304.166
367.697 169.684
367.697 169.684
369.191 210.889
369.191 210.889
369.477 270.686
369.477 270.686
371.797 307.006
371.870 275.146
372.061 219.432
372.061 219.432
372.061 219.432
373.481 162.914
373.583 304.901
373.583 304.901
374.378 234.155
374.378 234.155
376.170 180.435
376.170 180.435
377.028 266.968
378.053 306.430
378.074 273.453
381.054 267.913
381.383 190.631
381.483 222.798
382.398 231.220
384.288 248.483
385.115 205.808
385.115 205.808
386.873 267.818
386.873 267.818
390.244 203.753
390.916 272.356
393.601 243.790
393.601 243.790
393.838 225.938
393.838 225.938
397.102 251.880
397.102 251.880
398.461 245.229
401.557 244.338
