134.836 170.433
135.257 169.611
138.118 241.989
138.277 197.700
141.924 182.456
142.296 218.991
142.296 218.991
142.647 152.524
143.820 269.980
144.390 258.945
144.612 184.536
144.948 210.227
147.799 243.980
147.799 243.980
149.914 284.276
150.523 181.286
150.528 254.663
150.528 254.663
150.528 254.663
150.876 229.744
150.876 229.744
150.876 229.744
152.007 206.162
152.007 206.162
153.693 213.477
153.693 213.477
153.693 213.477
153.843 213.306
154.201 199.968
155.860 241.663
155.980 171.120
155.980 171.120
156.179 217.830
156.338 266.654
157.318 183.029
159.783 219.352
159.783 219.352
160.441 265.560
161.088 243.587
161.094 258.463
162.083 222.596
162.232 261.694
162.546 287.891
162.546 287.891
162.546 287.891
162.978 211.358
163.790 177.034
163.879 274.874
164.442 240.414
164.442 240.414
164.548 231.427
164.707 217.022
165.368 225.169
166.055 331.631
166.224 312.982
166.336 202.116
166.633 357.742
166.769 260.220
167.543 275.274
167.682 263.677
167.807 255.133
168.737 239.266
168.869 157.918
168.869 157.918
169.284 293.009
169.427 196.138
169.721 169.023
170.187 266.178
170.187 266.178
170.334 174.786
170.334 174.786
171.059 304.655
171.256 249.585
171.415 378.558
172.210 242.144
172.210 242.144
172.236 245.618
172.894 182.630
173.981 222.885
173.981 222.885
174.183 285.503
174.322 273.696
175.001 217.996
175.030 277.026
175.414 255.614
175.414 255.614
176.736 190.445
176.914 244.565
177.059 282.408
177.089 185.814
177.151 150.933
177.151 150.933
177.586 335.364
177.854 339.160
178.904 278.674
179.387 228.822
180.305 324.569
180.809 343.765
180.873 251.611
181.713 296.683
182.594 213.128
182.662 273.046
182.793 187.575
182.793 280.107
183.671 373.170
183.671 373.170
183.757 376.616
184.159 328.611
184.309 216.613
184.509 218.124
184.840 287.790
185.966 316.026
185.966 316.026
186.201 183.839
186.783 192.258
187.547 207.499
187.869 135.203
188.171 340.913
188.850 324.088
188.857 274.951
188.857 274.951
189.148 328.631
189.313 373.505
189.331 157.442
189.982 269.892
190.108 173.730
190.142 267.920
190.169 279.457
190.274 331.955
190.274 331.955
190.617 153.277
190.710 233.994
190.951 250.618
191.156 316.976
191.501 300.718
191.501 300.718
191.802 305.969
193.695 360.561
193.708 156.826
193.708 156.826
194.172 329.823
194.804 394.153
195.075 291.866
195.152 274.954
195.362 304.888
195.468 296.680
195.701 178.051
195.762 364.874
197.215 174.092
197.274 343.600
197.559 156.662
197.786 151.830
198.129 330.378
198.148 224.582
198.148 224.582
199.377 393.798
199.377 393.798
199.745 301.808
199.816 346.038
199.953 379.705
200.244 366.109
200.306 327.029
200.306 327.029
201.107 403.766
201.226 220.434
202.754 225.658
202.836 192.179
203.117 207.920
203.536 204.617
203.536 204.617
203.644 370.459
203.644 370.459
203.998 245.293
203.998 245.293
204.485 249.380
204.891 358.462
204.891 358.462
205.370 384.302
205.397 310.859
205.907 134.891
205.907 134.891
206.498 191.368
206.498 191.368
206.929 326.066
207.224 107.036
207.298 230.415
207.298 230.415
207.318 206.820
207.318 206.820
207.343 335.254
207.613 398.949
207.858 249.496
208.670 221.223
208.930 289.727
209.728 365.700
209.878 165.284
210.413 192.473
210.452 318.831
210.687 356.466
210.797 341.036
211.657 114.745
211.771 147.495
212.418 367.088
213.023 329.188
213.118 138.948
213.181 375.018
214.368 344.296
214.857 256.852
214.857 256.852
215.324 365.683
215.611 246.625
215.611 246.625
216.446 118.472
216.446 118.472
216.461 138.854
216.630 266.047
217.211 218.140
217.460 146.431
217.878 127.747
218.085 226.426
218.587 310.994
218.587 310.994
218.786 156.383
220.106 131.146
220.281 338.160
220.295 327.533
220.475 149.668
220.941 127.129
220.951 312.867
220.979 407.999
220.979 407.999
222.361 404.616
223.066 209.655
224.226 171.718
224.570 110.875
224.724 157.890
224.724 157.890
224.724 157.890
224.724 157.890
225.522 408.136
225.594 143.747
225.594 143.747
226.301 415.810
226.474 222.907
226.486 229.587
226.486 229.587
228.342 138.903
229.048 151.938
229.269 149.031
229.675 194.452
229.695 406.203
229.695 406.203
230.143 384.791
230.419 393.276
230.419 393.276
230.824 359.021
231.984 139.571
231.984 139.571
232.233 175.602
232.233 175.602
232.541 234.031
232.541 234.031
232.969 403.701
232.969 403.701
233.279 146.075
234.469 135.747
235.851 193.537
236.139 400.039
236.139 400.039
236.232 167.853
236.328 109.440
236.328 109.440
237.384 117.490
237.384 117.490
237.503 406.417
239.215 160.426
240.787 219.947
241.375 370.103
241.375 370.103
242.059 147.449
243.651 402.140
243.651 402.140
244.694 203.934
244.988 398.382
246.669 209.073
246.669 209.073
248.359 133.499
248.586 412.698
249.357 204.879
249.484 392.671
250.340 129.000
250.433 181.314
250.978 405.801
251.056 139.703
251.056 139.703
251.559 399.388
251.570 110.693
251.879 105.844
252.099 401.124
252.342 392.684
252.342 392.684
252.437 174.480
252.437 174.480
252.499 134.742
252.641 194.216
252.641 194.216
253.210 127.221
254.696 220.510
256.521 400.158
257.895 389.085
258.670 394.802
259.669 128.330
261.514 183.993
264.605 144.977
265.497 129.371
265.949 374.165
267.012 383.423
270.192 343.968
271.032 138.875
271.032 138.875
271.032 138.875
271.916 372.716
272.670 328.968
274.491 123.012
275.016 391.728
275.714 361.120
277.329 343.130
277.329 343.130
277.329 343.130
277.360 109.564
278.321 152.371
278.646 345.724
279.130 314.255
279.203 143.851
279.612 193.983
279.612 193.983
279.995 147.180
280.329 354.544
280.329 354.544
281.464 296.900
283.669 150.102
283.733 302.294
284.451 308.995
286.807 322.751
287.532 393.889
287.656 316.904
287.963 346.022
287.963 346.022
291.194 127.456
291.194 127.456
291.194 127.456
291.961 263.197
291.961 263.197
292.232 314.503
292.232 314.503
292.790 216.273
292.864 332.102
292.864 332.102
293.567 373.303
293.581 252.684
295.561 198.295
296.491 296.802
296.525 338.990
296.525 338.990
297.372 241.601
297.372 241.601
297.388 346.940
298.344 213.921
299.629 342.204
299.939 384.623
300.356 300.991
300.378 338.096
300.974 297.383
300.974 297.383
300.974 297.383
301.032 247.053
301.443 332.192
303.025 307.794
304.626 296.125
305.202 369.656
305.560 141.076
305.643 239.368
305.643 239.368
306.324 149.547
308.011 172.318
308.124 137.934
310.512 133.478
310.512 133.478
311.139 314.452
311.824 166.563
311.826 148.663
312.330 171.302
312.330 171.302
312.330 171.302
313.584 139.281
314.963 131.005
315.606 173.378
316.201 322.002
316.542 325.272
316.542 325.272
318.662 273.815
318.945 331.416
322.824 313.702
323.851 319.187
323.851 319.187
324.188 273.552
326.863 311.308
326.863 311.308
327.096 290.301
327.820 273.523
329.326 301.650
329.378 277.614
329.378 277.614
330.361 341.350
331.078 262.779
331.624 270.789
332.001 295.239
332.353 253.283
334.510 205.235
334.877 209.329
335.018 274.245
335.018 274.245
335.996 257.456
336.892 163.657
337.962 306.612
339.025 159.179
339.025 159.179
340.075 275.524
340.615 240.708
342.028 252.724
342.028 252.724
342.135 237.917
342.135 237.917
342.566 212.369
342.578 210.542
343.501 290.483
343.860 242.390
344.938 172.100
344.938 172.100
344.938 172.100
344.938 172.100
345.047 255.594
345.660 245.740
345.721 306.585
347.165 239.946
348.183 283.052
348.194 249.944
349.133 257.675
349.133 257.675
349.133 257.675
349.171 194.535
349.171 194.535
349.171 194.535
352.724 241.595
352.786 221.892
352.945 238.766
353.278 278.049
353.278 278.049
357.602 270.344
357.602 270.344
358.783 205.532
358.783 205.532
365.449 244.156
367.562 266.076
368.698 203.497
368.698 203.497
370.259 243.564
370.670 228.402
372.628 227.474
